0000000000000000000000000000000000000000000000000000000000000000
0001000000000000000000000000000000000000000000000000000000000000
0101000000000000000000000000000000000000000000000000000000000000
0011000000000000000000000000000000000000000000000000000000000000
0000000000000000000000000000000000000000000000000000000000000000
0000000000000000000000000000000000000000000000000000000000000000
0000000000001000000000000000000000000000000000000000000000000000
0000000000101000000000000000000000000000000000000000000000000000
0000000000011000000000000000000000000000000000000000000000000000
0000000000000000000000000000000000000000000000000000000000000000
0000000000000000000010010000000000000000000000000000000000000000
0000000000000000000000001000000000000000000000000000000000000000
0000000000000000000010001000000000000000000000000000000000000000
0000000000000000000001111000000000000000000000000000000000000000
0000000000000000000000000000000000000000000000000000000000000000
0000000000000001110000000000000000000000000000000000000000000000
0000000000000000000000000000000000000000000000000000000000000000
0000000000000000000000000000000000000000000000000000000000000000
0000000000000000000000000000000000000000000000000000000000000000
0000000000000000000000000000000000000000000000000000000000000000
0000000000000000000000000000000000000000100100000000000000000000
0000000000000000000000000000000000000000000010000000000000000000
0000000000000000000000000000000000000000100010000000000000000000
0000000000000000000000000000000000000000011110000000000000000000
0000000000000000000000000000000000000000000000000000000000000000
0000000000000000000000000000000010000000000000000000000000000000
0000000000000000000000000000001010000000000000000000000000000000
0000000000000000000000000000000110000000000000000000000000000000
0000000000000000000000000000000000000000000000000000000000000000
0000000000000000000000000000000000000000000000000000000000000000
0000000000000000000000000000001110000000000000000000000000000000
0000000000000000000000000000000000000000000000000000000000000000
0000000000000000000000000000000000000000000000000000000000000000
0000000000000000000000000000000000000000000000000000000000000000
0000000000000000000000000000000000000000000000000000000000000000
0000000000000000000000000000000000011100000000000000000000000000
0000000000000000000000000000000000000000000000000000000000000000
0000000000000000000000000000000000000000000000000000000000000000
0000000000000000000000000000000000000000000000000000000000000000
0000000000000000000000000000000000000000000000000000000000000000
0000100000000000000000000000000000000000000000000000000000000000
0010100000000000000000000000000000000000000000000000000000000000
0001100000000000000000000000000000000000000000000000000000000000
0000000000000000000000000000000000000000000000000000000000000000
0000000000000000000000000000000000000000000000000000000000000000
0000000000000000000000000000000000000000000000000000000000000000
0000000000000000000000000000000000000000000000000000000000000000
0000000000000000000000000000000000000000000000000000000000000000
0000000000000000000000000000000000000000000000000000000000000000
0000000000000000000000000000000000000000000000000000000000000000
0000000000000000000000000000000000000000000000000010010000000000
0000000000000000000000000000000000000000000000000000001000000000
0000000000000000000000000000000000000000000000000010001000000000
0000000000000000000000000000000000000000000000000001111000000000
0000000000000000000000000000000000000000000000000000000000000000